# Opmerking: door stationsverplaatsingen en veranderingen in waarneemmethodieken zijn deze tijdreeksen van uurwaarden mogelijk inhomogeen! Dat betekent dat deze reeks van gemeten waarden niet geschikt is voor trendanalyse. Voor studies naar klimaatverandering verwijzen we naar de gehomogeniseerde dagreeksen <http://www.knmi.nl/nederland-nu/klimatologie/daggegevens> of de Centraal Nederland Temperatuur <http://www.knmi.nl/kennis-en-datacentrum/achtergrond/centraal-nederland-temperatuur-cnt>.
# 
# SOURCE: ROYAL NETHERLANDS METEOROLOGICAL INSTITUTE (KNMI)
# Comment: These time series are inhomogeneous because of station relocations and changes in observation techniques. As a result these series are not suitable for trend analysis. For climate change studies we refer to the homogenized series of daily data <http://www.knmi.nl/nederland-nu/klimatologie/daggegevens> or the Central Netherlands Temperature <http://www.knmi.nl/kennis-en-datacentrum/achtergrond/centraal-nederland-temperatuur-cnt>.
# 
# STN         LON(east)   LAT(north)  ALT(m)      NAME
# 260         5.180       52.100      1.90        De Bilt     
# 279         6.574       52.750      15.80       Hoogeveen   
# TG        : Etmaalgemiddelde temperatuur (in 0.1 graden Celsius) / Daily mean temperature in (0.1 degrees Celsius)
# STN,YYYYMMDD,   TG
  260,20240101,   74
  260,20240102,  105
  260,20240103,   94
  260,20240104,   76
  260,20240105,   70
  260,20240106,   32
  260,20240107,   -2
  260,20240108,  -18
  260,20240109,  -32
  260,20240110,  -32
  260,20240111,  -19
  260,20240112,   33
  260,20240113,   35
  260,20240114,   28
  260,20240115,   16
  260,20240116,    8
  260,20240117,  -15
  260,20240118,  -17
  260,20240119,   15
  260,20240120,   -4
  260,20240121,   37
  260,20240122,   96
  260,20240123,   84
  260,20240124,  104
  260,20240125,   70
  260,20240126,   81
  260,20240127,   38
  260,20240128,   39
  260,20240129,   65
  260,20240130,   79
  260,20240131,   66
  260,20240201,   65
  260,20240202,   76
  260,20240203,  101
  260,20240204,  106
  260,20240205,   96
  260,20240206,  106
  260,20240207,   41
  260,20240208,   28
  260,20240209,  108
  260,20240210,  103
  260,20240211,   87
  260,20240212,   68
  260,20240213,   67
  260,20240214,  112
  260,20240215,  128
  260,20240216,  109
  260,20240217,  106
  260,20240218,   94
  260,20240219,   87
  260,20240220,   87
  260,20240221,   93
  260,20240222,   97
  260,20240223,   61
  260,20240224,   50
  260,20240225,   64
  260,20240226,   50
  260,20240227,   43
  260,20240228,   59
  260,20240229,   81
  260,20240301,   82
  260,20240302,   96
  260,20240303,  111
  260,20240304,   75
  260,20240305,   57
  260,20240306,   67
  260,20240307,   51
  260,20240308,   54
  260,20240309,   82
  260,20240310,   93
  260,20240311,   69
  260,20240312,   84
  260,20240313,  110
  260,20240314,  130
  260,20240315,  130
  260,20240316,   75
  260,20240317,   94
  260,20240318,  111
  260,20240319,  115
  260,20240320,  120
  260,20240321,   95
  260,20240322,   94
  260,20240323,   69
  260,20240324,   64
  260,20240325,   73
  260,20240326,   87
  260,20240327,   96
  260,20240328,   91
  260,20240329,  109
  260,20240330,   86
  260,20240331,  105
  260,20240401,  100
  260,20240402,   97
  260,20240403,  110
  260,20240404,  120
  260,20240405,  134
  260,20240406,  180
  260,20240407,  168
  260,20240408,  153
  260,20240409,  114
  260,20240410,  117
  260,20240411,  132
  260,20240412,  161
  260,20240413,  171
  260,20240414,  116
  260,20240415,   80
  260,20240416,   82
  260,20240417,   58
  260,20240418,   75
  260,20240419,   82
  260,20240420,   73
  260,20240421,   62
  260,20240422,   55
  260,20240423,   55
  260,20240424,   57
  260,20240425,   61
  260,20240426,   88
  260,20240427,  118
  260,20240428,  123
  260,20240429,  125
  260,20240430,  162
  260,20240501,  190
  260,20240502,  181
  260,20240503,  112
  260,20240504,  112
  260,20240505,  122
  260,20240506,  142
  260,20240507,  148
  260,20240508,  128
  260,20240509,  132
  260,20240510,  151
  260,20240511,  168
  260,20240512,  199
  260,20240513,  192
  260,20240514,  195
  260,20240515,  164
  260,20240516,  166
  260,20240517,  154
  260,20240518,  170
  260,20240519,  177
  260,20240520,  157
  260,20240521,  169
  260,20240522,  156
  260,20240523,  153
  260,20240524,  145
  260,20240525,  150
  260,20240526,  149
  260,20240527,  142
  260,20240528,  141
  260,20240529,  145
  260,20240530,  145
  260,20240531,  156
  260,20240601,  153
  260,20240602,  143
  260,20240603,  143
  260,20240604,  166
  260,20240605,  126
  260,20240606,  124
  260,20240607,  132
  260,20240608,  131
  260,20240609,  130
  260,20240610,  113
  260,20240611,  119
  260,20240612,  115
  260,20240613,  144
  260,20240614,  150
  260,20240615,  143
  260,20240616,  144
  260,20240617,  163
  260,20240618,  152
  260,20240619,  156
  260,20240620,  164
  260,20240621,  163
  260,20240622,  163
  260,20240623,  178
  260,20240624,  200
  260,20240625,  226
  260,20240626,  241
  260,20240627,  227
  260,20240628,  172
  260,20240629,  183
  260,20240630,  177
  260,20240701,  163
  260,20240702,  152
  260,20240703,  136
  260,20240704,  160
  260,20240705,  158
  260,20240706,  165
  260,20240707,  147
  260,20240708,  172
  260,20240709,  210
  260,20240710,  190
  260,20240711,  172
  260,20240712,  144
  260,20240713,  148
  260,20240714,  167
  260,20240715,  188
  260,20240716,  177
  260,20240717,  179
  260,20240718,  202
  260,20240719,  218
  260,20240720,  230
  260,20240721,  195
  260,20240722,  194
  260,20240723,  194
  260,20240724,  176
  260,20240725,  188
  260,20240726,  185
  260,20240727,  179
  260,20240728,  183
  260,20240729,  195
  260,20240730,  228
  260,20240731,  216
  260,20240801,  195
  260,20240802,  199
  260,20240803,  203
  260,20240804,  178
  260,20240805,  192
  260,20240806,  214
  260,20240807,  198
  260,20240808,  206
  260,20240809,  200
  260,20240810,  203
  260,20240811,  218
  260,20240812,  245
  260,20240813,  244
  260,20240814,  209
  260,20240815,  212
  260,20240816,  191
  260,20240817,  181
  260,20240818,  170
  260,20240819,  171
  260,20240820,  180
  260,20240821,  161
  260,20240822,  189
  260,20240823,  188
  260,20240824,  190
  260,20240825,  164
  260,20240826,  166
  260,20240827,  173
  260,20240828,  201
  260,20240829,  193
  260,20240830,  178
  260,20240831,  184
  260,20240901,  224
  260,20240902,  228
  260,20240903,  197
  260,20240904,  180
  260,20240905,  222
  260,20240906,  215
  260,20240907,  213
  260,20240908,  183
  260,20240909,  162
  260,20240910,  144
  260,20240911,  110
  260,20240912,  101
  260,20240913,  106
  260,20240914,  106
  260,20240915,  133
  260,20240916,  140
  260,20240917,  163
  260,20240918,  169
  260,20240919,  170
  260,20240920,  178
  260,20240921,  166
  260,20240922,  170
  260,20240923,  166
  260,20240924,  143
  260,20240925,  151
  260,20240926,  156
  260,20240927,  122
  260,20240928,  103
  260,20240929,   98
  260,20240930,  120
  260,20241001,  129
  260,20241002,  109
  260,20241003,   93
  260,20241004,   75
  260,20241005,   81
  260,20241006,  110
  260,20241007,  154
  260,20241008,  159
  260,20241009,  140
  260,20241010,  118
  260,20241011,   77
  260,20241012,   87
  260,20241013,  101
  260,20241014,   72
  260,20241015,   97
  260,20241016,  156
  260,20241017,  168
  260,20241018,  153
  260,20241019,  147
  260,20241020,  155
  260,20241021,  139
  260,20241022,  122
  260,20241023,  101
  260,20241024,  100
  260,20241025,  133
  260,20241026,  139
  260,20241027,  124
  260,20241028,  123
  260,20241029,  134
  260,20241030,  130
  260,20241031,  115
  260,20241101,  103
  260,20241102,   93
  260,20241103,   57
  260,20241104,   70
  260,20241105,   59
  260,20241106,   82
  260,20241107,   53
  260,20241108,   48
  260,20241109,   66
  260,20241110,   90
  260,20241111,  103
  260,20241112,   79
  260,20241113,   83
  260,20241114,   96
  260,20241115,   85
  260,20241116,   86
  260,20241117,   74
  260,20241118,   51
  260,20241119,   32
  260,20241120,   26
  260,20241121,    9
  260,20241122,   33
  260,20241123,   47
  260,20241124,  143
  260,20241125,  119
  260,20241126,   73
  260,20241127,   77
  260,20241128,   67
  260,20241129,   34
  260,20241130,   41
  260,20241201,   57
  260,20241202,   96
  260,20241203,   57
  260,20241204,   39
  260,20241205,   70
  260,20241206,   84
  260,20241207,   77
  260,20241208,   65
  260,20241209,   62
  260,20241210,   50
  260,20241211,   34
  260,20241212,   34
  260,20241213,   17
  260,20241214,   40
  260,20241215,   80
  260,20241216,   98
  260,20241217,   81
  260,20241218,  106
  260,20241219,   78
  260,20241220,   59
  260,20241221,   82
  260,20241222,   56
  260,20241223,   61
  260,20241224,   56
  260,20241225,   88
  260,20241226,   64
  260,20241227,   25
  260,20241228,   10
  260,20241229,   40
  260,20241230,   69
  260,20241231,   46
  279,20240101,   69
  279,20240102,   93
  279,20240103,   88
  279,20240104,   46
  279,20240105,   48
  279,20240106,    6
  279,20240107,   -9
  279,20240108,  -18
  279,20240109,  -38
  279,20240110,  -40
  279,20240111,  -21
  279,20240112,   23
  279,20240113,   34
  279,20240114,   28
  279,20240115,    9
  279,20240116,   -1
  279,20240117,  -19
  279,20240118,  -14
  279,20240119,    8
  279,20240120,   -1
  279,20240121,   34
  279,20240122,   89
  279,20240123,   77
  279,20240124,   99
  279,20240125,   64
  279,20240126,   75
  279,20240127,   31
  279,20240128,   36
  279,20240129,   55
  279,20240130,   73
  279,20240131,   57
  279,20240201,   59
  279,20240202,   76
  279,20240203,   98
  279,20240204,   91
  279,20240205,   96
  279,20240206,   98
  279,20240207,   37
  279,20240208,   10
  279,20240209,   82
  279,20240210,  101
  279,20240211,   88
  279,20240212,   68
  279,20240213,   60
  279,20240214,  104
  279,20240215,  119
  279,20240216,  107
  279,20240217,   87
  279,20240218,   88
  279,20240219,   83
  279,20240220,   80
  279,20240221,   88
  279,20240222,   97
  279,20240223,   57
  279,20240224,   46
  279,20240225,   52
  279,20240226,   40
  279,20240227,   29
  279,20240228,   48
  279,20240229,   71
  279,20240301,   85
  279,20240302,   91
  279,20240303,   93
  279,20240304,   66
  279,20240305,   71
  279,20240306,   58
  279,20240307,   33
  279,20240308,   43
  279,20240309,   57
  279,20240310,   76
  279,20240311,   72
  279,20240312,   69
  279,20240313,   98
  279,20240314,  123
  279,20240315,  124
  279,20240316,   73
  279,20240317,   73
  279,20240318,   89
  279,20240319,  104
  279,20240320,  116
  279,20240321,   87
  279,20240322,   90
  279,20240323,   52
  279,20240324,   62
  279,20240325,   65
  279,20240326,   76
  279,20240327,   83
  279,20240328,   80
  279,20240329,   99
  279,20240330,  105
  279,20240331,   99
  279,20240401,   93
  279,20240402,   91
  279,20240403,  103
  279,20240404,  111
  279,20240405,  129
  279,20240406,  172
  279,20240407,  166
  279,20240408,  146
  279,20240409,  119
  279,20240410,  105
  279,20240411,  123
  279,20240412,  147
  279,20240413,  160
  279,20240414,  104
  279,20240415,   70
  279,20240416,   66
  279,20240417,   56
  279,20240418,   64
  279,20240419,   76
  279,20240420,   61
  279,20240421,   56
  279,20240422,   50
  279,20240423,   50
  279,20240424,   57
  279,20240425,   59
  279,20240426,   84
  279,20240427,  120
  279,20240428,  131
  279,20240429,  130
  279,20240430,  174
  279,20240501,  198
  279,20240502,  195
  279,20240503,  117
  279,20240504,  120
  279,20240505,  111
  279,20240506,  128
  279,20240507,  133
  279,20240508,  127
  279,20240509,  123
  279,20240510,  143
  279,20240511,  157
  279,20240512,  179
  279,20240513,  199
  279,20240514,  213
  279,20240515,  194
  279,20240516,  166
  279,20240517,  178
  279,20240518,  177
  279,20240519,  171
  279,20240520,  164
  279,20240521,  187
  279,20240522,  162
  279,20240523,  149
  279,20240524,  157
  279,20240525,  158
  279,20240526,  166
  279,20240527,  151
  279,20240528,  145
  279,20240529,  143
  279,20240530,  140
  279,20240531,  148
  279,20240601,  163
  279,20240602,  142
  279,20240603,  142
  279,20240604,  161
  279,20240605,  126
  279,20240606,  122
  279,20240607,  127
  279,20240608,  126
  279,20240609,  122
  279,20240610,  110
  279,20240611,  119
  279,20240612,  111
  279,20240613,  139
  279,20240614,  146
  279,20240615,  144
  279,20240616,  140
  279,20240617,  160
  279,20240618,  151
  279,20240619,  147
  279,20240620,  156
  279,20240621,  156
  279,20240622,  166
  279,20240623,  178
  279,20240624,  187
  279,20240625,  214
  279,20240626,  232
  279,20240627,  236
  279,20240628,  178
  279,20240629,  186
  279,20240630,  179
  279,20240701,  151
  279,20240702,  142
  279,20240703,  134
  279,20240704,  151
  279,20240705,  154
  279,20240706,  165
  279,20240707,  142
  279,20240708,  170
  279,20240709,  212
  279,20240710,  189
  279,20240711,  171
  279,20240712,  139
  279,20240713,  150
  279,20240714,  161
  279,20240715,  187
  279,20240716,  177
  279,20240717,  173
  279,20240718,  189
  279,20240719,  214
  279,20240720,  231
  279,20240721,  208
  279,20240722,  192
  279,20240723,  191
  279,20240724,  165
  279,20240725,  178
  279,20240726,  184
  279,20240727,  182
  279,20240728,  176
  279,20240729,  178
  279,20240730,  211
  279,20240731,  198
  279,20240801,  172
  279,20240802,  183
  279,20240803,  194
  279,20240804,  173
  279,20240805,  189
  279,20240806,  209
  279,20240807,  179
  279,20240808,  192
  279,20240809,  187
  279,20240810,  187
  279,20240811,  198
  279,20240812,  214
  279,20240813,  251
  279,20240814,  211
  279,20240815,  204
  279,20240816,  189
  279,20240817,  177
  279,20240818,  172
  279,20240819,  169
  279,20240820,  187
  279,20240821,  154
  279,20240822,  179
  279,20240823,  182
  279,20240824,  191
  279,20240825,  161
  279,20240826,  160
  279,20240827,  171
  279,20240828,  200
  279,20240829,  198
  279,20240830,  165
  279,20240831,  162
  279,20240901,  202
  279,20240902,  213
  279,20240903,  208
  279,20240904,  176
  279,20240905,  223
  279,20240906,  200
  279,20240907,  192
  279,20240908,  184
  279,20240909,  153
  279,20240910,  136
  279,20240911,  103
  279,20240912,   95
  279,20240913,  111
  279,20240914,  110
  279,20240915,  126
  279,20240916,  149
  279,20240917,  160
  279,20240918,  157
  279,20240919,  160
  279,20240920,  172
  279,20240921,  156
  279,20240922,  154
  279,20240923,  158
  279,20240924,  141
  279,20240925,  141
  279,20240926,  156
  279,20240927,  124
  279,20240928,   97
  279,20240929,   96
  279,20240930,  113
  279,20241001,  128
  279,20241002,  101
  279,20241003,   88
  279,20241004,   79
  279,20241005,   78
  279,20241006,   96
  279,20241007,  141
  279,20241008,  155
  279,20241009,  140
  279,20241010,  108
  279,20241011,   72
  279,20241012,   79
  279,20241013,   97
  279,20241014,   69
  279,20241015,   78
  279,20241016,  127
  279,20241017,  153
  279,20241018,  166
  279,20241019,  140
  279,20241020,  149
  279,20241021,  138
  279,20241022,  111
  279,20241023,   94
  279,20241024,  101
  279,20241025,  122
  279,20241026,  128
  279,20241027,  123
  279,20241028,  117
  279,20241029,  136
  279,20241030,  129
  279,20241031,  125
  279,20241101,  114
  279,20241102,   81
  279,20241103,   40
  279,20241104,   68
  279,20241105,   52
  279,20241106,   57
  279,20241107,   52
  279,20241108,   44
  279,20241109,   65
  279,20241110,   81
  279,20241111,   95
  279,20241112,   80
  279,20241113,   87
  279,20241114,   96
  279,20241115,   89
  279,20241116,   80
  279,20241117,   61
  279,20241118,   38
  279,20241119,   19
  279,20241120,   19
  279,20241121,   12
  279,20241122,   16
  279,20241123,   39
  279,20241124,  134
  279,20241125,  119
  279,20241126,   60
  279,20241127,   63
  279,20241128,   65
  279,20241129,   33
  279,20241130,   33
  279,20241201,   49
  279,20241202,   86
  279,20241203,   57
  279,20241204,   36
  279,20241205,   54
  279,20241206,   81
  279,20241207,   71
  279,20241208,   59
  279,20241209,   55
  279,20241210,   47
  279,20241211,   31
  279,20241212,   36
  279,20241213,   18
  279,20241214,   29
  279,20241215,   76
  279,20241216,   99
  279,20241217,   77
  279,20241218,  100
  279,20241219,   76
  279,20241220,   51
  279,20241221,   78
  279,20241222,   42
  279,20241223,   48
  279,20241224,   43
  279,20241225,   82
  279,20241226,   65
  279,20241227,   21
  279,20241228,   -9
  279,20241229,   32
  279,20241230,   65
  279,20241231,   45
